00111001 10011100 01010011 00000000 00011001 01100111 11111011 10011000 00010001 10100001 01010110 10000001 11111111 00011101 11111001 11000101 00011001 11110000 00110011 01011111 00001111 11110001 10110110 10011001 00101001 01100111
00110000 01101100 10111101 01110000 11011000 11101101 00001110 10101111 10010010 10111101 11000001 11110010 10101100 01100010 00110010 10101000 01111111 01101100 10101000 00111110 01011110 01110010 00010011 10001011 10010101 01011110
10101111 00111101 11110011 00010001 11000000 10011111 01100001 11001011 10110110 10110101 00001100 11100001 01100110 01010101 11110001 01000101 11010000 00111100 10101001 11000011 01111000 00100111 00011011 01000001 11111110 10110011
11100101 10111100 00010100 01101011 11101011 10100000 11110100 00101100 01100010 01101010 01111101 00111111 01110011 01011110 11100100 10010011 10001001 11111011 10010101 00010110 00111001 00100000 10011000 10000101 01010101 01100011
10111110 10011010 11111110 11000100 10010111 01000001 01100010 11010000 00111011 11010011 01110000 11001000 00000011 00001100 00110110 11111101 00011010 11010100 01100101 11110011 01111110 10110001 01100010 10011000 00010111 00000000
01011000 00000111 01101111 00110110 00111111 01111101 01100011 11101110 10000111 11111111 01101000 00100011 01110000 10111101 10110001 00101110 00100101 11111111 00100110 00001000 01111111 11010110 10001001 00101011 11111010 00000000
11100100 01100000 10101110 01011100 11100111 10111011 00111101 00000010 10011010 10110100 11101001 10000001 01111110 00011100 11010011 01010000 11011101 00110001 00101111 10111101 00000110 00111000 00000000 01101110 01110001 10101001
11110000 01111011 01001100 00000111 11001101 01101000 00110011 00011011 11101101 11001001 10001110 11111010 10010101 11010100 00111101 10101000 11101001 00101001 01011000 10101111 01110001 10100010 00111011 11011100 10000111 11110000
00101001 11101101 00000010 01001001 10100110 10000011 10110010 10011110 10100000 01100011 11000001 00011010 10101000 01000011 11010100 00001111 11100011 11100111 00011011 01110000 11001110 10110000 11001111 10111110 11111000 00010100
10010111 00001100 10101100 10101101 01001100 00100001 11001001 10011100 11001111 10011011 00100111 11110011 10110000 10011001 00110101 01000100 10001001 10001100 11011101 01000000 01010010 10011011 10010000 00110011 11011000 01101111
01010111 00000111 01001100 10111011 11101010 10100111 11011000 11011111 01111011 10111100 11010011 11001011 01101100 00000011 00100100 01111011 11011000 00111100 00110110 00110101 10010001 00111111 01100100 11011101 00001000 01000101
01110010 00101001 10001010 00101000 01011000 11111111 10101100 10010100 11001010 11001000 10001001 10101000 00110011 10010110 01001110 11100001 01110100 01101100 10111011 00101110 11000011 11110011 01110111 11110000 11011110 10010011
11010011 10110001 00010110 01100001 00101000 10101000 11111100 11111100 10011001 11010010 11100010 10011110 11110110 01101110 00101100 10011111 10101100 00010110 01011010 10010000 00111101 01001111 11110011 00010110 01001100 10110101
01010001 10011001 00110010 01101000 10100101 01111110 00001011 11111011 10100101 00010101 01110011 01111100 11100100 10010010 00000000 11010010 01100001 11001110 00000101 00001101 10001100 00110100 11000010 00010100 00100110 10010111
11001001 00001101 11110010 11000000 10001010 01100011 11100110 00000111 01110010 11101111 11111101 11001010 01100101 10100101 10111010 01011110 01011011 10110000 00101011 00001111 11010111 00100011 11100111 01100011 00011100 11010000
11000110 00101011 10001010 01100011 11111110 00000001 00000000 11000000 01000011 01011010 11110000 01000011 01010101 10100111 10010101 01101101 01110010 11010010 01011000 10111111 00100111 10101010 01011011 11000011 00010001 11000010
10100001 10100010 10010010 01101101 00101101 10000010 10110001 01101101 11011011 00101010 01010000 01100011 00110011 01001011 10001111 11010011 11001110 01111010 01111010 01010110 00011110 01110111 11001110 01101100 01011000 00001010
01101001 10001001 11011111 10101011 01001011 10100110 11011001 11101010 00000000 11110110 11111100 10110110 01110010 11011010 01101000 00101101 10100111 11011000 10101100 11011000 11010001 01011011 00110000 10100111 01100000 11111011
10011111 11110100 00100011 01001100 00111110 01110110 00011100 00101100 01000011 00011110 10110101 00110010 11000110 11110011 00100100 10011011 10101101 00011011 01010000 11101000 11011100 11101100 11101111 11000000 01011101 10000010
10010111 10010110 01010101 00011000 01001001 00101001 01100101 00010101 11001010 11111000 10010110 10110001 01000010 10111101 01010000 00101100 11001000 11001110 11101011 00101111 00001110 01010111 11000110 11110011 10111110 01101000
00100010 01011001 01100000 00011011 11001001 01000000 11101010 01111000 01101100 11100010 11001000 00100011 10010111 00111010 01100001 11011001 00111001 11110001 11001001 01110011 01111010 01001010 01001101 11001010 11100001 10100101
00011100 10000011 01110011 10000101 00110010 10010101 10000101 10010110 00110110 10001001 11001001 01010000 10110100 01001010 01001100 00010111 10010011 11001101 01011111 10001010 10000001 01010110 11101000 11001101 01000101 00000100
00010101 11011000 11100101 01000101 00110111 11001011 00111110 11000001 11000011 01000100 00001110 01100110 00101000 10100110 00011100 00001011 00110001 01001100 01001101 11000111 00011010 01000010 11000000 00010101 11100110 10111100
10011010 00110000 11100000 11011001 00000100 01001101 01010010 00010001 01001011 00000100 10111001 01001011 10101110 01001011 10000011 10000011 11001111 01000100 10111001 00011010 01111101 00110100 11101001 01110100 11011011 00001100
00100101 11000011 11111000 11000001 00101000 00001001 10100010 10000100 00110100 10000010 00001001 01111111 11111101 00000001 01011110 01100010 10101111 01111001 11010110 10010110 01111011 01010110 10110111 10010001 00100100 10111111
01101000 10011100 10101011 10111001 11111010 10110101 11111100 01001100 11010111 11110101 11010001 10010111 10010110 01110011 10101010 00011100 00000111 11110001 00001000 01111010 10011101 10101110 00010111 11100011 10010111 11000101
