00100110 00011100 00100001 00011111 11110011 11111101 00101010 00001011 00011100 11000011 00100010 00110011 11001110 11010101 00110101 11101110 00101010 00110100 00100011 11111011 00000111 00010100 11011001 00000111 11111100 11101110 00000001 11011001
11010100 11101100 00001011 11011000 00100110 00010110 00110000 11100111 00111001 11011000 11100010 00110010 00010010 00000001 00101111 11100111 00010110 00110100 11010111 11011001 00001010 11010001 00011110 11001110 00001010 00010101 11010001 00110101
00010111 11111000 11111101 00011101 00110100 00101101 00101101 00010101 00100011 11101100 00100010 11011001 00100111 00101011 11010010 11100100 11010111 11111110 00000100 11110101 11000010 11100000 11100000 11100110 11010101 11000110 00000101 11000101
11110100 00111101 00110000 11001110 11000001 11000011 00001100 00111000 00010111 00101001 00010100 11111000 00101011 00110101 11011010 00010101 11011101 00111101 00000100 00110000 11100101 00011011 00011011 11110110 11000001 11001001 11110011 11000000
11111111 11010100 11001100 11101110 11111011 11010011 11000001 00111110 11010100 11011001 00110011 11101110 11100000 00000100 11010011 11011110 00001011 00010001 00100010 00001101 11111001 00001101 11010101 11011100 11010101 00110000 00010110 11000110
00111100 11011000 00001111 11000001 00101011 00110010 11010011 00101110 00011000 00101011 00100111 11000101 11110000 00111110 11001101 00001010 00011010 11100001 00010111 11000110 11111010 00100100 11100010 11011100 00111110 00001001 00011101 00100110
11101001 00011110 11110101 11100011 00000111 00110010 11001011 00011011 00111101 00001001 00001010 11111011 11001010 00001000 00111001 00001111 00100011 00001001 00011101 11001110 00100111 11010110 11111011 11111101 11000000 00000001 00110100 11111101
00111011 11110001 11010111 11101110 00001010 11000001 00001001 11111101 11001011 00001110 11011110 11110010 00010010 11011101 11110011 00101011 11000111 00101001 00100001 11110110 00011110 11100100 11000011 00110011 11000100 11110101 00111011 11111111
00111011 11101000 11010111 00111000 00000101 00111101 00110111 11000010 11101100 00100100 11001011 00100100 11001101 11100101 00011100 11110010 11001111 11001000 11011011 11000110 11100010 11101000 11101110 11010100 00111000 11100111 11101011 00001000
00101011 00010011 00110011 11100110 11111000 11100111 11010000 11010001 00010101 00100101 11000011 11000011 11101001 00101010 00110010 00011000 11100010 11110100 00110001 11111011 11101001 11110011 00110111 11001101 11101000 11110011 11010000 00110001
11100000 00110011 00001110 00111001 11100111 11101010 00100010 11001000 11101011 00111011 00001101 00011001 00011101 11010110 11000100 11110100 11001010 11000001 11011001 11000001 00011011 11011011 11111011 00010011 00100101 11101001 11101111 00011011
00011000 11110011 11111101 00101110 00010101 11101101 00110000 11111011 00011011 00101010 11101110 00000110 00100101 11111101 11011111 11101011 11111101 11101000 11011100 00111100 00101001 00000011 00111110 11000111 00000011 00001100 00010101 11101110
11101111 00001101 11001000 11100010 11100000 00100001 11101100 00001101 11111000 00001001 00101000 00010000 11001100 11011100 00100100 11100011 00100111 11111111 00000010 11110001 11000110 11100111 11101110 00100111 11001111 11011011 11101001 11000011
00011101 00011111 00000001 11000001 00001100 00001100 00001111 00111101 11000011 00010111 00101100 11000101 11101101 11100011 11000101 11110101 11101010 11111011 11110101 00101001 11110100 00110101 11001011 11000011 00001111 00010100 11010001 11110101
11011111 00010010 11101111 00011100 11100101 11000100 11001000 11111110 11110010 11110110 00111000 11010001 00111001 11011111 00010111 00011001 11011010 00101111 00000110 11101011 11010110 11100011 00110011 11100001 11000000 11000011 00110000 00001001
11010000 11101000 00100101 11111101 00100111 11010011 00100101 00100011 11000011 11111001 00101101 11001101 00111001 11001111 11011001 00011110 11101110 11111010 11101111 00110011 00101011 11001110 11101101 11011000 00010011 00000111 00110001 11100111
11010110 00001101 11011101 11001000 11010010 00010110 00101110 11101011 11110010 00111011 00100100 00010101 11000101 00111000 11000011 11010100 11001011 11111101 00011110 11001111 00110110 11100111 00011001 00001000 00010011 00010100 00011110 11110011
00011000 00001111 00011010 11000000 00100011 00101100 00011110 00010000 11111111 00010001 11100001 00110111 00000101 00101110 00000011 11101001 11001010 11110100 11100100 11101000 00010100 11010111 00010011 11110101 11010110 11011001 11101111 00010100
00011011 00011000 00111000 11011010 00110111 00111011 00010010 00101011 00000111 11111011 11011000 00100110 11011011 00111011 11100001 00101110 11001010 00101100 00100001 11100111 00000110 11101000 11011100 11010011 11100100 11011100 11010100 00011000
00001011 11001110 00001000 00011100 00001101 11101100 00101111 00001110 11101010 00000000 00000000 11010101 11010011 00011000 11111111 11000000 11000100 00000110 11011111 11100100 00111100 11001000 11001010 00100100 00101100 00010111 00010101 11110001
00000101 11000000 00110100 11010110 00100101 00101011 11000111 00011111 11110010 11000111 11001010 11100010 00001011 00010111 00100101 00101001 11000001 11111110 11111100 11011010 11000011 11001010 11010100 00000010 00010000 00110010 00010101 00100111
11110010 00010000 11011010 00110100 11110100 11000111 11000001 11011010 11110110 11100010 11110110 11100000 11111010 11100010 00110001 00001000 00001010 11100000 00111001 00110001 00000101 00111010 11110001 11100000 11011011 11000100 11010111 00110100
11010010 00101001 11001101 11100010 00101101 00100110 00101000 00000100 00011011 00111001 00111011 11101100 11100110 11101000 11011000 11101001 11011101 11011011 00001100 11111010 00101010 11000110 00011000 00110100 00011100 00001000 11100000 11011100
00011001 00000111 00110111 11010000 11011111 11001011 11110011 11001111 00110011 11100001 11111011 11110101 00010100 11100000 00001100 00101100 11011000 11101111 00011100 00000101 11010000 00110110 00110001 00101101 00011110 11010110 11001001 11011100
00001111 11111101 11101110 11111001 11101011 00010111 11110110 11111111 00010011 11100100 00100011 00111001 11101010 00100010 00111000 00000111 11111010 11101011 00001010 00011111 11010111 00100111 00110111 11110110 11100011 00010101 11101010 00010100
00000110 00011010 00011111 11100000 00100011 11100010 11100110 11101101 11001111 00000000 11010011 00100011 00111000 00100010 00111110 11000111 00100010 00100100 11111010 11011101 11011110 11101110 11011111 00000010 00111000 00001101 11110101 11010111
11110110 11000010 00101010 00010010 00011001 11000000 00001111 00000010 00000010 11000100 00000100 00000011 11111000 00011001 00011100 11101111 11001111 00110110 11000001 00101001 11111100 00111110 11011010 00011110 00000101 11001101 11110001 11001101
00000001 00100110 00100011 00101001 00111110 11011010 00011011 00011001 11001010 11001000 00010001 00010001 11000101 00001110 11000000 00101110 11110101 11001110 00010100 00110011 00101101 00011001 00010111 00100011 11011100 11101001 00011110 11000001
