412 189 359 270 273 342 428 249 281 307 114 275 149
175 107 160 353 362 0 358 241 60 425 288 321 341
88 367 151 208 0 291 3 310 26 357 127 152 512
240 263 231 283 0 385 149 80 233 445 312 110 240
268 0 166 178 160 39 176 212 231 64 462 0 248
297 332 234 172 188 0 3 123 216 309 63 221 69
467 360 0 252 21 0 228 256 97 346 140 243 294
299 192 254 192 90 323 165 0 210 88 426 91 28
0 0 386 109 0 99 75 143 122 216 542 108 251
406 35 374 357 248 181 0 80 283 235 476 243 190
290 283 64 0 482 80 314 353 659 115 385 77 325
277 229 516 193 0 358 75 28 207 77 52 277 268
451 0 40 252 215 9 0 170 241 470 157 279 197
