57 412 83 0 25 359 0 0 273 0 342 0 0 0 249 197 281 0 307 95 0 0 0 153 41 103
48 0 189 112 0 237 270 0 0 0 193 0 428 98 50 168 127 108 168 0 0 114 275 139 149 0
175 61 0 17 0 0 353 0 182 0 0 0 358 85 241 0 0 60 425 195 0 39 0 321 0 0
0 0 20 107 0 160 0 0 98 362 0 0 0 94 0 0 0 0 149 22 0 288 152 0 341 0
0 0 0 196 151 0 98 208 0 0 0 0 3 0 310 0 26 0 357 0 126 0 98 152 0 256
88 7 367 54 63 0 99 0 0 0 0 291 0 0 0 46 0 0 38 0 127 0 0 0 0 512
228 0 174 0 231 187 0 258 0 0 233 385 126 28 0 80 0 49 0 445 0 312 0 110 113 169
240 0 76 263 0 104 51 283 0 0 0 0 149 0 0 0 233 41 88 0 0 0 59 0 0 240
41 237 0 0 166 131 178 0 160 99 0 0 168 0 212 0 227 231 27 0 462 0 0 0 248 0
151 268 0 0 76 0 0 0 0 0 39 0 176 153 53 68 137 140 0 64 0 0 0 0 0 0
87 7 332 0 234 0 0 0 0 188 0 0 0 3 36 123 216 60 54 309 0 63 100 221 0 69
0 297 0 40 0 0 172 0 0 0 0 0 0 0 0 0 116 0 187 0 0 0 0 0 0 0
467 177 278 97 0 0 252 252 0 0 0 0 0 0 44 159 0 22 346 0 61 0 243 22 0 0
81 153 306 360 0 0 11 0 0 21 0 0 228 0 256 0 97 0 261 13 140 52 0 20 294 0
0 13 0 192 0 0 0 0 0 0 253 0 0 165 0 0 91 0 43 0 0 291 0 0 28 0
0 299 0 0 254 0 0 192 0 90 0 323 85 0 0 0 0 210 88 0 39 426 91 0 0 0
0 0 0 0 45 386 0 109 0 0 80 99 51 75 143 0 0 122 0 0 542 119 0 108 88 10
0 0 0 0 75 0 0 0 0 0 0 0 0 0 104 0 0 0 172 216 0 0 48 0 96 251
159 0 35 0 62 374 0 0 67 0 181 50 0 0 36 0 173 283 80 0 476 236 0 0 93 130
0 406 0 24 73 41 357 21 202 248 150 177 0 0 80 0 0 0 235 47 14 87 0 243 190 104
290 89 0 283 0 64 0 0 0 482 0 35 151 314 353 217 57 0 0 115 122 74 77 0 0 0
0 0 115 0 50 0 0 0 54 0 0 80 0 0 76 23 659 0 95 0 385 86 0 0 325 0
277 216 229 69 0 203 62 193 0 0 270 358 40 0 28 11 0 76 77 0 26 0 0 277 0 188
0 0 0 0 516 0 82 17 0 0 0 75 0 75 0 0 207 68 0 0 0 52 0 116 0 268
37 451 0 0 40 0 0 0 0 0 9 0 0 0 0 98 0 0 470 0 0 86 0 0 36 191
0 156 0 0 0 0 252 0 215 0 0 0 0 0 170 0 0 241 0 122 157 0 279 227 0 197
